0.7735849056603774 0.5942028985507246 0.6721311475409837 workclass_Self-emp-not-inc
0.7287933094384708 0.6199186991869918 0.6699615595826469 workclass_Private
0.6893203883495146 0.5916666666666667 0.6367713004484306 workclass_Local-gov
0.6 0.3333333333333333 0.42857142857142855 workclass_?
0.744 0.75 0.746987951807229 workclass_Self-emp-inc
0.782608695652174 0.7714285714285715 0.7769784172661871 workclass_Federal-gov
0.7413793103448276 0.6825396825396826 0.7107438016528926 workclass_State-gov
1.0 1.0 1.0 workclass_Never-worked
1.0 1.0 1.0 workclass_Without-pay
0.6 0.5454545454545454 0.5714285714285713 education_Assoc-acdm
0.6205357142857143 0.4199395770392749 0.5009009009009009 education_HS-grad
0.8695652173913043 0.9523809523809523 0.909090909090909 education_Prof-school
0.7708830548926014 0.7511627906976744 0.7608951707891638 education_Bachelors
0.7384615384615385 0.5714285714285714 0.6442953020134228 education_Assoc-voc
0.6747572815533981 0.5205992509363296 0.5877378435517971 education_Some-college
0.788659793814433 0.827027027027027 0.8073878627968338 education_Masters
0.6 0.17647058823529413 0.2727272727272727 education_10th
1.0 0.0 0.0 education_5th-6th
1.0 0.08333333333333333 0.15384615384615385 education_11th
1.0 0.0 0.0 education_9th
1.0 0.0 0.0 education_1st-4th
1.0 0.0 0.0 education_7th-8th
0.7966101694915254 0.8867924528301887 0.8392857142857143 education_Doctorate
0.6666666666666666 0.2222222222222222 0.3333333333333333 education_12th
1.0 1.0 1.0 education_Preschool
0.7843137254901961 0.43478260869565216 0.5594405594405595 marital-status_Divorced
0.9117647058823529 0.34065934065934067 0.496 marital-status_Never-married
0.7238562091503268 0.6789272030651341 0.7006722024515619 marital-status_Married-civ-spouse
1.0 0.25 0.4 marital-status_Married-spouse-absent
1.0 0.1 0.18181818181818182 marital-status_Widowed
1.0 0.25 0.4 marital-status_Separated
0.0 0.0 0.0 marital-status_Married-AF-spouse
0.7074468085106383 0.6683417085427136 0.6873385012919897 occupation_Sales
0.7058823529411765 0.375 0.48979591836734687 occupation_Machine-op-inspct
0.59375 0.34545454545454546 0.43678160919540227 occupation_Transport-moving
0.775 0.7602179836512262 0.767537826685007 occupation_Prof-specialty
0.7868421052631579 0.7647058823529411 0.7756160830090791 occupation_Exec-managerial
0.6493506493506493 0.5681818181818182 0.6060606060606061 occupation_Adm-clerical
0.6 0.3333333333333333 0.42857142857142855 occupation_?
0.6637931034482759 0.4375 0.5273972602739727 occupation_Craft-repair
0.5 0.1 0.16666666666666669 occupation_Handlers-cleaners
0.5 0.15384615384615385 0.23529411764705882 occupation_Other-service
0.75 0.375 0.5 occupation_Farming-fishing
0.6166666666666667 0.7551020408163265 0.6788990825688074 occupation_Tech-support
0.7419354838709677 0.4791666666666667 0.5822784810126582 occupation_Protective-serv
1.0 1.0 1.0 occupation_Priv-house-serv
1.0 1.0 1.0 occupation_Armed-Forces
0.8571428571428571 0.2727272727272727 0.41379310344827586 relationship_Unmarried
0.84 0.3727810650887574 0.5163934426229508 relationship_Not-in-family
0.7348837209302326 0.6804478897502153 0.706618962432916 relationship_Husband
1.0 0.15384615384615385 0.2666666666666667 relationship_Own-child
0.64 0.6808510638297872 0.6597938144329897 relationship_Wife
1.0 0.2857142857142857 0.4444444444444445 relationship_Other-relative
0.7304785894206549 0.630891950688905 0.6770428015564202 race_White
0.6 0.42857142857142855 0.5 race_Amer-Indian-Eskimo
0.76 0.6785714285714286 0.7169811320754718 race_Asian-Pac-Islander
0.7428571428571429 0.5977011494252874 0.6624203821656051 race_Black
1.0 0.3333333333333333 0.5 race_Other
0.659217877094972 0.502127659574468 0.5700483091787439 sex_Female
0.7436347673397717 0.6515384615384615 0.6945469454694547 sex_Male
0.7341666666666666 0.6279401282965075 0.6769112562427967 native-country_United-States
1.0 0.6 0.7499999999999999 native-country_Italy
1.0 0.5 0.6666666666666666 native-country_Canada
1.0 1.0 1.0 native-country_Dominican-Republic
0.8 0.8 0.8000000000000002 native-country_Cuba
1.0 0.5 0.6666666666666666 native-country_England
1.0 1.0 1.0 native-country_El-Salvador
0.6666666666666666 0.4 0.5 native-country_Mexico
0.7333333333333333 0.7096774193548387 0.7213114754098361 native-country_?
1.0 1.0 1.0 native-country_Trinadad&Tobago
0.5 1.0 0.6666666666666666 native-country_Nicaragua
0.6666666666666666 1.0 0.8 native-country_China
1.0 1.0 1.0 native-country_Taiwan
0.5 1.0 0.6666666666666666 native-country_Columbia
0.0 0.0 0.0 native-country_Poland
1.0 1.0 1.0 native-country_Thailand
0.625 0.8333333333333334 0.7142857142857143 native-country_India
0.5 1.0 0.6666666666666666 native-country_Puerto-Rico
1.0 0.0 0.0 native-country_Guatemala
0.6666666666666666 0.6 0.631578947368421 native-country_Japan
1.0 1.0 1.0 native-country_Scotland
0.3333333333333333 0.5 0.4 native-country_Iran
1.0 1.0 1.0 native-country_Portugal
0.6 0.3333333333333333 0.42857142857142855 native-country_Germany
0.0 1.0 0.0 native-country_Hong
0.8571428571428571 0.5454545454545454 0.6666666666666665 native-country_Philippines
1.0 1.0 1.0 native-country_Haiti
0.3333333333333333 0.3333333333333333 0.3333333333333333 native-country_Jamaica
1.0 0.0 0.0 native-country_Cambodia
1.0 0.0 0.0 native-country_Vietnam
1.0 1.0 1.0 native-country_South
1.0 1.0 1.0 native-country_Peru
1.0 1.0 1.0 native-country_Ireland
1.0 1.0 1.0 native-country_Ecuador
1.0 1.0 1.0 native-country_Outlying-US(Guam-USVI-etc)
0.5 0.5 0.5 native-country_Greece
1.0 1.0 1.0 native-country_Honduras
1.0 1.0 1.0 native-country_Hungary
1.0 1.0 1.0 native-country_Yugoslavia
1.0 1.0 1.0 native-country_Laos
0.0 1.0 0.0 native-country_France
0.7321699544764795 0.6286644951140065 0.6764808973010865 all_data
